// images/image-001.png

0, 0, 0, 0, 0, 0, 0, 0, 
0, 0, 65, 34, 0, 0, 0, 0, 
0, 0, 123, 141, 2, 0, 0, 0, 
0, 1, 121, 216, 4, 0, 0, 0, 
0, 0, 100, 249, 41, 0, 0, 0, 
0, 0, 61, 206, 69, 0, 0, 0, 
0, 0, 20, 94, 27, 0, 0, 0, 
0, 0, 2, 10, 8, 0, 0, 0, 
// images/image-002.png

0, 0, 0, 0, 0, 0, 0, 0, 
0, 0, 65, 34, 0, 0, 0, 0, 
0, 0, 123, 141, 2, 0, 0, 0, 
0, 1, 121, 216, 5, 0, 0, 0, 
0, 0, 100, 249, 41, 0, 0, 0, 
0, 0, 61, 206, 69, 0, 0, 0, 
0, 0, 20, 94, 27, 0, 0, 0, 
0, 0, 2, 10, 8, 0, 0, 0, 
// images/image-003.png

0, 0, 0, 0, 0, 0, 0, 0, 
0, 0, 72, 42, 0, 0, 0, 0, 
0, 0, 130, 151, 2, 0, 0, 0, 
0, 1, 129, 222, 5, 0, 0, 0, 
0, 0, 108, 249, 46, 0, 0, 0, 
0, 0, 68, 203, 75, 0, 0, 0, 
0, 0, 24, 88, 32, 0, 0, 0, 
0, 0, 3, 10, 8, 0, 0, 0, 
// images/image-004.png

0, 0, 3, 0, 0, 0, 0, 0, 
0, 0, 105, 76, 0, 0, 0, 0, 
0, 1, 154, 181, 2, 0, 0, 0, 
0, 1, 155, 240, 11, 0, 0, 0, 
0, 0, 130, 244, 62, 0, 0, 0, 
0, 0, 82, 187, 88, 0, 0, 0, 
0, 0, 31, 73, 39, 0, 0, 0, 
0, 0, 4, 9, 8, 0, 0, 0, 
// images/image-005.png

0, 5, 76, 1, 0, 0, 0, 0, 
0, 25, 238, 71, 0, 0, 0, 0, 
0, 16, 249, 187, 2, 0, 0, 0, 
0, 3, 226, 247, 21, 0, 0, 0, 
0, 1, 170, 224, 80, 0, 0, 0, 
0, 0, 97, 146, 103, 0, 0, 0, 
0, 0, 36, 46, 47, 0, 0, 0, 
0, 0, 4, 7, 9, 0, 0, 0, 
// images/image-006.png

0, 22, 56, 0, 0, 0, 0, 0, 
0, 51, 234, 38, 0, 0, 0, 0, 
0, 22, 250, 151, 2, 0, 0, 0, 
0, 3, 221, 235, 10, 0, 0, 0, 
0, 1, 160, 229, 69, 0, 0, 0, 
0, 0, 87, 154, 98, 0, 0, 0, 
0, 0, 30, 50, 45, 0, 0, 0, 
0, 0, 3, 8, 9, 0, 0, 0, 
// images/image-007.png

0, 0, 0, 0, 0, 0, 0, 0, 
0, 5, 142, 14, 0, 0, 0, 0, 
0, 11, 243, 122, 1, 0, 0, 0, 
0, 3, 223, 211, 4, 0, 0, 0, 
0, 1, 170, 243, 41, 0, 0, 0, 
0, 0, 94, 185, 84, 0, 0, 0, 
0, 0, 32, 70, 40, 0, 0, 0, 
0, 0, 4, 9, 9, 0, 0, 0, 
// images/image-008.png

0, 2, 3, 0, 0, 0, 0, 0, 
0, 45, 176, 12, 0, 0, 0, 0, 
0, 52, 251, 122, 1, 0, 0, 0, 
0, 16, 247, 217, 4, 0, 0, 0, 
0, 2, 194, 238, 47, 0, 0, 0, 
0, 0, 107, 173, 87, 0, 0, 0, 
0, 0, 38, 62, 41, 0, 0, 0, 
0, 0, 4, 9, 9, 0, 0, 0, 
// images/image-009.png

0, 0, 4, 0, 0, 0, 0, 0, 
0, 1, 163, 36, 0, 0, 0, 0, 
0, 1, 193, 144, 2, 0, 0, 0, 
0, 1, 159, 227, 9, 0, 0, 0, 
0, 1, 112, 246, 61, 0, 0, 0, 
0, 0, 57, 192, 80, 0, 0, 0, 
0, 0, 16, 79, 32, 0, 0, 0, 
0, 0, 2, 9, 8, 0, 0, 0, 
// images/image-010.png

0, 0, 0, 30, 2, 0, 0, 0, 
0, 0, 1, 184, 75, 0, 0, 0, 
0, 0, 4, 235, 139, 1, 0, 0, 
0, 0, 9, 247, 175, 2, 0, 0, 
0, 0, 10, 226, 188, 2, 0, 0, 
0, 0, 9, 148, 149, 1, 0, 0, 
0, 0, 3, 46, 56, 0, 0, 0, 
0, 0, 1, 6, 8, 0, 0, 0, 
// images/image-011.png

0, 0, 22, 19, 0, 0, 0, 0, 
0, 0, 114, 171, 1, 0, 0, 0, 
0, 0, 136, 249, 25, 0, 0, 0, 
0, 0, 120, 252, 83, 1, 0, 0, 
0, 0, 89, 227, 124, 0, 0, 0, 
0, 0, 48, 149, 113, 0, 0, 0, 
0, 0, 14, 49, 42, 0, 0, 0, 
0, 0, 1, 6, 8, 0, 0, 0, 
// images/image-012.png

0, 0, 9, 42, 0, 0, 0, 0, 
0, 0, 71, 219, 8, 0, 0, 0, 
0, 0, 101, 251, 62, 0, 0, 0, 
0, 0, 96, 251, 112, 1, 0, 0, 
0, 0, 73, 224, 140, 0, 0, 0, 
0, 0, 41, 146, 114, 0, 0, 0, 
0, 0, 13, 48, 41, 0, 0, 0, 
0, 0, 1, 6, 8, 0, 0, 0, 
// images/image-013.png

0, 0, 0, 45, 12, 0, 0, 0, 
0, 0, 1, 186, 107, 0, 0, 0, 
0, 0, 4, 235, 164, 1, 0, 0, 
0, 0, 10, 248, 191, 2, 0, 0, 
0, 0, 12, 225, 192, 2, 0, 0, 
0, 0, 10, 147, 141, 1, 0, 0, 
0, 0, 4, 46, 49, 0, 0, 0, 
0, 0, 0, 6, 8, 0, 0, 0, 
// images/image-014.png

0, 0, 0, 55, 38, 0, 0, 0, 
0, 0, 1, 179, 145, 0, 0, 0, 
0, 0, 3, 231, 189, 2, 0, 0, 
0, 0, 11, 248, 209, 2, 0, 0, 
0, 0, 16, 222, 200, 2, 0, 0, 
0, 0, 15, 142, 144, 1, 0, 0, 
0, 0, 6, 45, 51, 1, 0, 0, 
0, 0, 1, 6, 8, 0, 0, 0, 
// images/image-015.png

0, 0, 0, 69, 72, 0, 0, 0, 
0, 0, 1, 177, 179, 1, 0, 0, 
0, 0, 2, 222, 214, 2, 0, 0, 
0, 0, 6, 244, 230, 4, 0, 0, 
0, 0, 10, 219, 211, 3, 0, 0, 
0, 0, 12, 141, 145, 2, 0, 0, 
0, 0, 6, 45, 52, 1, 0, 0, 
0, 0, 1, 6, 8, 0, 0, 0, 
// images/image-016.png

0, 0, 0, 80, 67, 0, 0, 0, 
0, 0, 1, 175, 158, 1, 0, 0, 
0, 0, 2, 213, 194, 2, 0, 0, 
0, 0, 3, 234, 214, 3, 0, 0, 
0, 0, 5, 218, 203, 2, 0, 0, 
0, 0, 8, 144, 140, 2, 0, 0, 
0, 0, 4, 46, 48, 1, 0, 0, 
0, 0, 0, 6, 7, 0, 0, 0, 
// images/image-017.png

0, 0, 0, 62, 78, 0, 0, 0, 
0, 0, 1, 148, 162, 1, 0, 0, 
0, 0, 2, 187, 194, 2, 0, 0, 
0, 0, 3, 214, 215, 3, 0, 0, 
0, 0, 3, 208, 205, 2, 0, 0, 
0, 0, 4, 145, 141, 2, 0, 0, 
0, 0, 3, 46, 47, 0, 0, 0, 
0, 0, 0, 5, 7, 0, 0, 0, 
// images/image-018.png

0, 0, 0, 35, 98, 0, 0, 0, 
0, 0, 0, 117, 189, 1, 0, 0, 
0, 0, 1, 161, 216, 2, 0, 0, 
0, 0, 2, 193, 232, 4, 0, 0, 
0, 0, 2, 196, 215, 3, 0, 0, 
0, 0, 2, 143, 145, 3, 0, 0, 
0, 0, 2, 47, 47, 1, 0, 0, 
0, 0, 0, 5, 7, 0, 0, 0, 
// images/image-019.png

0, 0, 0, 57, 65, 0, 0, 0, 
0, 0, 1, 146, 151, 1, 0, 0, 
0, 0, 2, 183, 185, 2, 0, 0, 
0, 0, 2, 210, 207, 2, 0, 0, 
0, 0, 2, 208, 200, 2, 0, 0, 
0, 0, 4, 147, 137, 2, 0, 0, 
0, 0, 3, 48, 45, 1, 0, 0, 
0, 0, 0, 5, 7, 0, 0, 0, 
// images/image-020.png

0, 0, 0, 78, 41, 0, 0, 0, 
0, 0, 1, 175, 126, 0, 0, 0, 
0, 0, 2, 210, 165, 1, 0, 0, 
0, 0, 3, 231, 191, 2, 0, 0, 
0, 0, 5, 219, 188, 2, 0, 0, 
0, 0, 7, 149, 132, 1, 0, 0, 
0, 0, 4, 47, 43, 0, 0, 0, 
0, 0, 0, 5, 7, 0, 0, 0, 
// images/image-021.png

0, 0, 0, 55, 66, 0, 0, 0, 
0, 0, 1, 151, 161, 1, 0, 0, 
0, 0, 2, 193, 195, 2, 0, 0, 
0, 0, 2, 219, 215, 2, 0, 0, 
0, 0, 3, 211, 202, 2, 0, 0, 
0, 0, 5, 145, 138, 1, 0, 0, 
0, 0, 3, 45, 45, 1, 0, 0, 
0, 0, 0, 5, 7, 0, 0, 0, 
// images/image-022.png

0, 0, 0, 32, 91, 0, 0, 0, 
0, 0, 0, 118, 194, 1, 0, 0, 
0, 0, 1, 167, 220, 3, 0, 0, 
0, 0, 1, 199, 233, 4, 0, 0, 
0, 0, 2, 199, 214, 3, 0, 0, 
0, 0, 3, 142, 144, 3, 0, 0, 
0, 0, 3, 46, 48, 1, 0, 0, 
0, 0, 0, 5, 7, 0, 0, 0, 
// images/image-023.png

0, 0, 0, 18, 103, 0, 0, 0, 
0, 0, 0, 92, 217, 1, 0, 0, 
0, 0, 1, 144, 239, 4, 0, 0, 
0, 0, 1, 182, 247, 6, 0, 0, 
0, 0, 2, 189, 223, 6, 0, 0, 
0, 0, 2, 138, 148, 4, 0, 0, 
0, 0, 2, 45, 50, 1, 0, 0, 
0, 0, 0, 5, 7, 0, 0, 0, 
// images/image-024.png

0, 0, 0, 12, 120, 0, 0, 0, 
0, 0, 0, 74, 231, 2, 0, 0, 
0, 0, 1, 126, 248, 8, 0, 0, 
0, 0, 1, 166, 251, 14, 0, 0, 
0, 0, 1, 178, 226, 13, 0, 0, 
0, 0, 1, 133, 152, 8, 0, 0, 
0, 0, 1, 44, 52, 2, 0, 0, 
0, 0, 0, 6, 7, 0, 0, 0, 
// images/image-025.png

0, 0, 0, 10, 129, 0, 0, 0, 
0, 0, 0, 65, 235, 3, 0, 0, 
0, 0, 1, 116, 249, 10, 0, 0, 
0, 0, 1, 157, 251, 18, 0, 0, 
0, 0, 1, 173, 227, 17, 0, 0, 
0, 0, 1, 133, 151, 10, 0, 0, 
0, 0, 1, 45, 51, 2, 0, 0, 
0, 0, 0, 6, 7, 0, 0, 0, 
// images/image-026.png

0, 0, 0, 17, 119, 0, 0, 0, 
0, 0, 0, 80, 218, 2, 0, 0, 
0, 0, 1, 126, 241, 5, 0, 0, 
0, 0, 1, 164, 249, 10, 0, 0, 
0, 0, 1, 177, 226, 11, 0, 0, 
0, 0, 1, 135, 151, 8, 0, 0, 
0, 0, 1, 46, 50, 2, 0, 0, 
0, 0, 0, 6, 8, 0, 0, 0, 
// images/image-027.png

0, 0, 0, 37, 100, 0, 0, 0, 
0, 0, 0, 109, 188, 1, 0, 0, 
0, 0, 1, 148, 218, 3, 0, 0, 
0, 0, 1, 180, 236, 4, 0, 0, 
0, 0, 1, 187, 221, 5, 0, 0, 
0, 0, 2, 140, 148, 4, 0, 0, 
0, 0, 2, 47, 50, 1, 0, 0, 
0, 0, 0, 6, 7, 0, 0, 0, 
// images/image-028.png

0, 0, 0, 91, 46, 0, 0, 0, 
0, 0, 1, 166, 128, 0, 0, 0, 
0, 0, 2, 192, 169, 2, 0, 0, 
0, 0, 2, 212, 198, 2, 0, 0, 
0, 0, 2, 208, 197, 2, 0, 0, 
0, 0, 4, 149, 139, 2, 0, 0, 
0, 0, 3, 48, 46, 0, 0, 0, 
0, 0, 0, 6, 7, 0, 0, 0, 
// images/image-029.png

0, 0, 0, 111, 12, 0, 0, 0, 
0, 0, 1, 221, 83, 0, 0, 0, 
0, 0, 4, 237, 136, 1, 0, 0, 
0, 0, 5, 245, 174, 1, 0, 0, 
0, 0, 7, 225, 181, 1, 0, 0, 
0, 0, 8, 158, 130, 1, 0, 0, 
0, 0, 4, 51, 44, 0, 0, 0, 
0, 0, 0, 6, 7, 0, 0, 0, 
// images/image-030.png

0, 0, 0, 85, 43, 0, 0, 0, 
0, 0, 1, 178, 138, 0, 0, 0, 
0, 0, 2, 204, 184, 2, 0, 0, 
0, 0, 2, 219, 212, 3, 0, 0, 
0, 0, 2, 210, 207, 2, 0, 0, 
0, 0, 3, 151, 144, 3, 0, 0, 
0, 0, 2, 50, 49, 1, 0, 0, 
0, 0, 0, 5, 8, 0, 0, 0, 
// images/image-031.png

0, 0, 0, 102, 14, 0, 0, 0, 
0, 0, 1, 198, 78, 0, 0, 0, 
0, 0, 2, 217, 125, 1, 0, 0, 
0, 0, 3, 230, 161, 1, 0, 0, 
0, 0, 4, 220, 173, 1, 0, 0, 
0, 0, 6, 156, 128, 1, 0, 0, 
0, 0, 3, 51, 42, 0, 0, 0, 
0, 0, 1, 6, 7, 0, 0, 0, 
// images/image-032.png

0, 0, 0, 92, 3, 0, 0, 0, 
0, 0, 1, 197, 46, 0, 0, 0, 
0, 0, 3, 214, 98, 1, 0, 0, 
0, 0, 3, 228, 140, 1, 0, 0, 
0, 0, 5, 225, 162, 1, 0, 0, 
0, 0, 6, 163, 124, 1, 0, 0, 
0, 0, 3, 53, 42, 0, 0, 0, 
0, 0, 0, 6, 7, 0, 0, 0, 
// images/image-033.png

0, 0, 0, 80, 5, 0, 0, 0, 
0, 0, 1, 185, 51, 0, 0, 0, 
0, 0, 2, 208, 99, 1, 0, 0, 
0, 0, 3, 226, 139, 1, 0, 0, 
0, 0, 4, 225, 161, 1, 0, 0, 
0, 0, 6, 164, 123, 0, 0, 0, 
0, 0, 3, 54, 43, 0, 0, 0, 
0, 0, 0, 6, 7, 0, 0, 0, 
// images/image-034.png

0, 0, 0, 72, 4, 0, 0, 0, 
0, 0, 1, 186, 48, 0, 0, 0, 
0, 0, 3, 209, 97, 1, 0, 0, 
0, 0, 3, 227, 138, 1, 0, 0, 
0, 0, 5, 225, 160, 1, 0, 0, 
0, 0, 6, 163, 123, 0, 0, 0, 
0, 0, 3, 54, 42, 0, 0, 0, 
0, 0, 0, 6, 7, 0, 0, 0, 
// images/image-035.png

0, 0, 0, 75, 15, 0, 0, 0, 
0, 0, 1, 171, 81, 0, 0, 0, 
0, 0, 2, 198, 126, 1, 0, 0, 
0, 0, 3, 219, 162, 1, 0, 0, 
0, 0, 4, 219, 175, 1, 0, 0, 
0, 0, 5, 158, 129, 1, 0, 0, 
0, 0, 3, 51, 44, 0, 0, 0, 
0, 0, 0, 6, 7, 0, 0, 0, 
// images/image-036.png

0, 0, 0, 62, 29, 0, 0, 0, 
0, 0, 1, 151, 109, 0, 0, 0, 
0, 0, 2, 183, 151, 1, 0, 0, 
0, 0, 2, 207, 182, 2, 0, 0, 
0, 0, 2, 209, 188, 2, 0, 0, 
0, 0, 4, 152, 134, 1, 0, 0, 
0, 0, 2, 49, 44, 0, 0, 0, 
0, 0, 0, 5, 7, 0, 0, 0, 
// images/image-037.png

0, 0, 0, 33, 58, 0, 0, 0, 
0, 0, 0, 114, 157, 1, 0, 0, 
0, 0, 1, 155, 193, 2, 0, 0, 
0, 0, 2, 185, 215, 3, 0, 0, 
0, 0, 2, 194, 210, 3, 0, 0, 
0, 0, 2, 146, 143, 2, 0, 0, 
0, 0, 2, 49, 47, 1, 0, 0, 
0, 0, 0, 6, 7, 0, 0, 0, 
// images/image-038.png

0, 0, 0, 21, 81, 0, 0, 0, 
0, 0, 0, 98, 192, 1, 0, 0, 
0, 0, 1, 143, 222, 3, 0, 0, 
0, 0, 1, 176, 238, 4, 0, 0, 
0, 0, 1, 186, 221, 4, 0, 0, 
0, 0, 2, 141, 147, 4, 0, 0, 
0, 0, 1, 47, 47, 1, 0, 0, 
0, 0, 0, 6, 7, 0, 0, 0, 
// images/image-039.png

0, 0, 0, 28, 78, 0, 0, 0, 
0, 0, 0, 119, 193, 1, 0, 0, 
0, 0, 1, 166, 227, 3, 0, 0, 
0, 0, 2, 196, 242, 5, 0, 0, 
0, 0, 2, 197, 220, 6, 0, 0, 
0, 0, 2, 144, 144, 4, 0, 0, 
0, 0, 2, 48, 47, 1, 0, 0, 
0, 0, 0, 6, 7, 0, 0, 0, 
// images/image-040.png

0, 0, 0, 34, 67, 0, 0, 0, 
0, 0, 0, 139, 186, 1, 0, 0, 
0, 0, 2, 187, 224, 3, 0, 0, 
0, 0, 2, 214, 241, 5, 0, 0, 
0, 0, 2, 209, 218, 5, 0, 0, 
0, 0, 4, 148, 142, 4, 0, 0, 
0, 0, 3, 49, 47, 1, 0, 0, 
0, 0, 0, 6, 7, 0, 0, 0, 
// images/image-041.png

0, 0, 0, 63, 51, 0, 0, 0, 
0, 0, 1, 170, 151, 1, 0, 0, 
0, 0, 2, 209, 194, 2, 0, 0, 
0, 0, 3, 230, 216, 3, 0, 0, 
0, 0, 4, 219, 203, 2, 0, 0, 
0, 0, 7, 151, 136, 2, 0, 0, 
0, 0, 4, 49, 44, 1, 0, 0, 
0, 0, 0, 6, 7, 0, 0, 0, 
// images/image-042.png

0, 0, 0, 106, 7, 0, 0, 0, 
0, 0, 2, 229, 62, 0, 0, 0, 
0, 0, 8, 248, 113, 1, 0, 0, 
0, 0, 16, 251, 150, 1, 0, 0, 
0, 0, 19, 230, 164, 1, 0, 0, 
0, 0, 17, 159, 121, 1, 0, 0, 
0, 0, 7, 53, 41, 0, 0, 0, 
0, 0, 1, 6, 7, 0, 0, 0, 
// images/image-043.png

0, 0, 15, 66, 0, 0, 0, 0, 
0, 0, 54, 208, 2, 0, 0, 0, 
0, 0, 62, 251, 31, 0, 0, 0, 
0, 0, 61, 252, 87, 1, 0, 0, 
0, 0, 52, 234, 124, 0, 0, 0, 
0, 0, 33, 166, 105, 0, 0, 0, 
0, 0, 11, 58, 38, 0, 0, 0, 
0, 0, 1, 7, 7, 0, 0, 0, 
// images/image-044.png

0, 0, 7, 77, 0, 0, 0, 0, 
0, 0, 28, 223, 4, 0, 0, 0, 
0, 0, 37, 252, 42, 0, 0, 0, 
0, 0, 39, 252, 96, 1, 0, 0, 
0, 0, 35, 236, 130, 0, 0, 0, 
0, 0, 24, 168, 108, 0, 0, 0, 
0, 0, 8, 57, 39, 0, 0, 0, 
0, 0, 1, 6, 8, 0, 0, 0, 
// images/image-045.png

0, 0, 0, 76, 0, 0, 0, 0, 
0, 0, 2, 211, 18, 0, 0, 0, 
0, 0, 4, 230, 70, 1, 0, 0, 
0, 0, 5, 241, 118, 1, 0, 0, 
0, 0, 9, 232, 148, 1, 0, 0, 
0, 0, 9, 166, 119, 0, 0, 0, 
0, 0, 4, 55, 42, 0, 0, 0, 
0, 0, 1, 6, 8, 0, 0, 0, 
// images/image-046.png

0, 0, 0, 96, 3, 0, 0, 0, 
0, 0, 1, 204, 46, 0, 0, 0, 
0, 0, 3, 226, 93, 1, 0, 0, 
0, 0, 5, 241, 133, 1, 0, 0, 
0, 0, 9, 231, 155, 1, 0, 0, 
0, 0, 10, 161, 120, 0, 0, 0, 
0, 0, 5, 52, 42, 0, 0, 0, 
0, 0, 1, 6, 7, 0, 0, 0, 
// images/image-047.png

0, 0, 14, 48, 0, 0, 0, 0, 
0, 0, 50, 191, 1, 0, 0, 0, 
0, 0, 57, 246, 17, 0, 0, 0, 
0, 0, 55, 251, 68, 1, 0, 0, 
0, 0, 44, 239, 113, 0, 0, 0, 
0, 0, 26, 172, 104, 0, 0, 0, 
0, 0, 8, 59, 39, 0, 0, 0, 
0, 0, 1, 7, 8, 0, 0, 0, 
// images/image-048.png

0, 0, 1, 15, 0, 0, 0, 0, 
0, 0, 15, 171, 1, 0, 0, 0, 
0, 0, 22, 242, 13, 0, 0, 0, 
0, 0, 24, 251, 63, 0, 0, 0, 
0, 0, 23, 245, 111, 0, 0, 0, 
0, 0, 16, 186, 103, 0, 0, 0, 
0, 0, 6, 71, 40, 0, 0, 0, 
0, 0, 1, 8, 8, 0, 0, 0, 
// images/image-049.png

0, 0, 0, 19, 0, 0, 0, 0, 
0, 0, 1, 185, 7, 0, 0, 0, 
0, 0, 3, 227, 53, 0, 0, 0, 
0, 0, 5, 239, 102, 1, 0, 0, 
0, 0, 8, 238, 138, 1, 0, 0, 
0, 0, 10, 180, 118, 0, 0, 0, 
0, 0, 4, 66, 43, 0, 0, 0, 
0, 0, 1, 7, 9, 0, 0, 0, 
// images/image-050.png

0, 0, 0, 42, 1, 0, 0, 0, 
0, 0, 1, 187, 46, 0, 0, 0, 
0, 0, 3, 217, 102, 1, 0, 0, 
0, 0, 4, 231, 144, 1, 0, 0, 
0, 0, 5, 227, 168, 1, 0, 0, 
0, 0, 7, 164, 133, 1, 0, 0, 
0, 0, 4, 56, 47, 0, 0, 0, 
0, 0, 1, 6, 8, 0, 0, 0, 
// images/image-051.png

0, 0, 0, 25, 62, 0, 0, 0, 
0, 0, 0, 114, 180, 1, 0, 0, 
0, 0, 1, 161, 219, 2, 0, 0, 
0, 0, 2, 190, 239, 5, 0, 0, 
0, 0, 2, 192, 224, 6, 0, 0, 
0, 0, 2, 139, 150, 6, 0, 0, 
0, 0, 2, 46, 51, 2, 0, 0, 
0, 0, 0, 6, 8, 0, 0, 0, 
// images/image-052.png

0, 0, 0, 12, 20, 0, 0, 0, 
0, 0, 0, 112, 152, 0, 0, 0, 
0, 0, 1, 198, 225, 3, 0, 0, 
0, 0, 4, 239, 248, 11, 0, 0, 
0, 0, 13, 227, 229, 16, 0, 0, 
0, 0, 17, 145, 147, 13, 0, 0, 
0, 0, 10, 50, 55, 3, 0, 0, 
0, 0, 1, 6, 9, 0, 0, 0, 
// images/image-053.png

0, 0, 0, 0, 12, 0, 0, 0, 
0, 0, 0, 9, 192, 40, 0, 0, 
0, 0, 0, 100, 251, 99, 0, 0, 
0, 0, 1, 178, 252, 108, 0, 0, 
0, 0, 2, 203, 224, 89, 0, 0, 
0, 0, 4, 144, 137, 49, 0, 0, 
0, 0, 6, 50, 56, 12, 0, 0, 
0, 0, 1, 6, 11, 0, 0, 0, 
// images/image-054.png

0, 0, 0, 0, 56, 18, 0, 0, 
0, 0, 0, 8, 222, 93, 0, 0, 
0, 0, 0, 62, 252, 116, 0, 0, 
0, 0, 0, 119, 252, 108, 0, 0, 
0, 0, 1, 149, 218, 78, 0, 0, 
0, 0, 0, 123, 140, 37, 0, 0, 
0, 0, 1, 44, 51, 7, 0, 0, 
0, 0, 0, 5, 8, 0, 0, 0, 
// images/image-055.png

0, 0, 0, 1, 146, 16, 0, 0, 
0, 0, 0, 30, 248, 47, 0, 0, 
0, 0, 0, 87, 252, 56, 0, 0, 
0, 0, 1, 136, 252, 53, 0, 0, 
0, 0, 1, 160, 224, 37, 0, 0, 
0, 0, 1, 130, 150, 16, 0, 0, 
0, 0, 1, 46, 51, 3, 0, 0, 
0, 0, 0, 6, 7, 0, 0, 0, 
// images/image-056.png

0, 0, 0, 3, 149, 11, 0, 0, 
0, 0, 0, 44, 248, 45, 0, 0, 
0, 0, 0, 100, 251, 57, 0, 0, 
0, 0, 1, 145, 251, 57, 0, 0, 
0, 0, 1, 163, 223, 41, 0, 0, 
0, 0, 1, 128, 150, 20, 0, 0, 
0, 0, 1, 46, 52, 3, 0, 0, 
0, 0, 0, 6, 7, 0, 0, 0, 
// images/image-057.png

0, 0, 0, 1, 154, 20, 0, 0, 
0, 0, 0, 33, 248, 55, 0, 0, 
0, 0, 0, 89, 252, 61, 0, 0, 
0, 0, 1, 137, 251, 57, 0, 0, 
0, 0, 1, 160, 223, 41, 0, 0, 
0, 0, 1, 128, 151, 19, 0, 0, 
0, 0, 1, 46, 51, 3, 0, 0, 
0, 0, 0, 6, 7, 0, 0, 0, 
// images/image-058.png

0, 0, 0, 9, 166, 1, 0, 0, 
0, 0, 0, 58, 238, 3, 0, 0, 
0, 0, 1, 110, 246, 8, 0, 0, 
0, 0, 1, 154, 249, 11, 0, 0, 
0, 0, 1, 174, 225, 9, 0, 0, 
0, 0, 1, 141, 149, 5, 0, 0, 
0, 0, 1, 51, 47, 1, 0, 0, 
0, 0, 0, 6, 7, 0, 0, 0, 
// images/image-059.png

0, 0, 0, 56, 86, 0, 0, 0, 
0, 0, 1, 120, 145, 1, 0, 0, 
0, 0, 1, 158, 170, 2, 0, 0, 
0, 0, 2, 192, 192, 2, 0, 0, 
0, 0, 2, 204, 191, 2, 0, 0, 
0, 0, 4, 158, 134, 1, 0, 0, 
0, 0, 3, 56, 43, 0, 0, 0, 
0, 0, 1, 7, 7, 0, 0, 0, 
// images/image-060.png

0, 0, 2, 154, 2, 0, 0, 0, 
0, 0, 12, 246, 23, 0, 0, 0, 
0, 0, 30, 251, 68, 1, 0, 0, 
0, 0, 42, 251, 109, 1, 0, 0, 
0, 0, 43, 231, 135, 1, 0, 0, 
0, 0, 32, 159, 106, 0, 0, 0, 
0, 0, 13, 54, 37, 0, 0, 0, 
0, 0, 1, 7, 7, 0, 0, 0, 
// images/image-061.png

0, 0, 7, 161, 2, 0, 0, 0, 
0, 0, 24, 249, 38, 0, 0, 0, 
0, 0, 38, 252, 88, 1, 0, 0, 
0, 0, 44, 251, 130, 1, 0, 0, 
0, 0, 41, 226, 149, 1, 0, 0, 
0, 0, 30, 153, 115, 1, 0, 0, 
0, 0, 12, 51, 41, 0, 0, 0, 
0, 0, 1, 7, 8, 0, 0, 0, 
// images/image-062.png

0, 0, 4, 162, 6, 0, 0, 0, 
0, 0, 19, 248, 58, 0, 0, 0, 
0, 0, 33, 251, 108, 1, 0, 0, 
0, 0, 40, 251, 148, 1, 0, 0, 
0, 0, 37, 223, 161, 1, 0, 0, 
0, 0, 27, 147, 123, 0, 0, 0, 
0, 0, 11, 47, 44, 0, 0, 0, 
0, 0, 1, 6, 8, 0, 0, 0, 
// images/image-063.png

0, 0, 3, 138, 7, 0, 0, 0, 
0, 0, 31, 246, 73, 0, 0, 0, 
0, 0, 53, 251, 128, 1, 0, 0, 
0, 0, 59, 251, 164, 1, 0, 0, 
0, 0, 49, 218, 172, 1, 0, 0, 
0, 0, 32, 138, 129, 1, 0, 0, 
0, 0, 11, 44, 47, 0, 0, 0, 
0, 0, 1, 7, 8, 0, 0, 0, 
// images/image-064.png

0, 0, 0, 111, 16, 0, 0, 0, 
0, 0, 12, 236, 107, 0, 0, 0, 
0, 0, 38, 251, 163, 1, 0, 0, 
0, 0, 49, 251, 195, 2, 0, 0, 
0, 0, 43, 217, 194, 2, 0, 0, 
0, 0, 29, 135, 141, 2, 0, 0, 
0, 0, 12, 43, 52, 1, 0, 0, 
0, 0, 1, 6, 9, 0, 0, 0, 
// images/image-065.png

0, 0, 0, 0, 85, 32, 0, 0, 
0, 0, 0, 42, 239, 111, 0, 0, 
0, 0, 1, 135, 252, 130, 0, 0, 
0, 0, 1, 189, 251, 117, 0, 0, 
0, 0, 2, 196, 211, 86, 0, 0, 
0, 0, 3, 142, 134, 44, 0, 0, 
0, 0, 4, 50, 57, 10, 0, 0, 
0, 0, 0, 7, 10, 0, 0, 0, 
// images/image-066.png

0, 0, 0, 8, 89, 1, 0, 0, 
0, 0, 0, 111, 241, 31, 0, 0, 
0, 0, 2, 199, 252, 63, 0, 0, 
0, 0, 3, 234, 251, 65, 0, 0, 
0, 0, 6, 221, 215, 48, 0, 0, 
0, 0, 11, 150, 131, 23, 0, 0, 
0, 0, 7, 53, 51, 4, 0, 0, 
0, 0, 1, 7, 9, 0, 0, 0, 
// images/image-067.png

0, 0, 1, 81, 12, 0, 0, 0, 
0, 0, 34, 238, 122, 0, 0, 0, 
0, 0, 79, 252, 201, 2, 0, 0, 
0, 0, 84, 251, 231, 3, 0, 0, 
0, 0, 68, 212, 211, 4, 0, 0, 
0, 0, 42, 132, 138, 4, 0, 0, 
0, 0, 16, 46, 50, 1, 0, 0, 
0, 0, 1, 7, 9, 0, 0, 0, 
// images/image-068.png

0, 0, 33, 61, 0, 0, 0, 0, 
0, 0, 124, 222, 9, 0, 0, 0, 
0, 1, 158, 251, 60, 0, 0, 0, 
0, 1, 152, 252, 108, 1, 0, 0, 
0, 0, 120, 217, 136, 0, 0, 0, 
0, 0, 72, 141, 120, 0, 0, 0, 
0, 0, 27, 45, 46, 0, 0, 0, 
0, 0, 3, 7, 8, 0, 0, 0, 
// images/image-069.png

0, 0, 0, 4, 145, 17, 0, 0, 
0, 0, 0, 50, 246, 52, 0, 0, 
0, 0, 1, 115, 252, 59, 0, 0, 
0, 0, 1, 161, 251, 54, 0, 0, 
0, 0, 1, 171, 224, 39, 0, 0, 
0, 0, 1, 123, 158, 19, 0, 0, 
0, 0, 2, 39, 62, 3, 0, 0, 
0, 0, 0, 5, 10, 0, 0, 0, 
// images/image-070.png

0, 0, 0, 0, 0, 0, 0, 0, 
0, 0, 0, 0, 0, 5, 52, 10, 
0, 0, 0, 0, 2, 121, 236, 45, 
0, 0, 0, 0, 46, 240, 239, 19, 
0, 0, 0, 2, 159, 248, 158, 1, 
0, 0, 0, 34, 190, 209, 33, 0, 
0, 0, 0, 31, 91, 93, 0, 0, 
0, 0, 0, 7, 20, 11, 0, 0, 
// images/image-071.png

0, 0, 0, 0, 0, 0, 1, 19, 
0, 0, 0, 0, 0, 1, 126, 75, 
0, 0, 0, 0, 1, 62, 237, 17, 
0, 0, 0, 0, 12, 212, 173, 2, 
0, 0, 0, 0, 128, 249, 82, 1, 
0, 0, 0, 25, 166, 197, 10, 0, 
0, 0, 0, 23, 84, 86, 0, 0, 
0, 0, 0, 7, 19, 11, 0, 0, 
// images/image-072.png

0, 0, 0, 0, 0, 0, 0, 0, 
0, 0, 0, 0, 0, 41, 95, 0, 
0, 0, 0, 0, 4, 191, 150, 0, 
0, 0, 0, 1, 71, 251, 113, 1, 
0, 0, 0, 3, 192, 247, 43, 0, 
0, 0, 0, 45, 205, 164, 2, 0, 
0, 0, 0, 36, 93, 61, 0, 0, 
0, 0, 0, 8, 16, 6, 0, 0, 
// images/image-073.png

0, 0, 0, 0, 0, 0, 0, 0, 
0, 0, 0, 0, 1, 82, 100, 0, 
0, 0, 0, 0, 49, 247, 156, 0, 
0, 0, 0, 1, 160, 252, 109, 0, 
0, 0, 0, 19, 233, 241, 30, 0, 
0, 0, 0, 75, 191, 145, 1, 0, 
0, 0, 0, 46, 79, 52, 0, 0, 
0, 0, 0, 8, 17, 4, 0, 0, 
// images/image-074.png

0, 0, 0, 0, 0, 48, 14, 0, 
0, 0, 0, 0, 3, 209, 37, 0, 
0, 0, 0, 1, 60, 251, 27, 0, 
0, 0, 0, 2, 157, 237, 7, 0, 
0, 0, 0, 18, 232, 185, 2, 0, 
0, 0, 0, 65, 193, 104, 1, 0, 
0, 0, 0, 37, 86, 34, 0, 0, 
0, 0, 0, 8, 16, 2, 0, 0, 
// images/image-075.png

0, 0, 0, 0, 5, 50, 0, 0, 
0, 0, 0, 0, 99, 210, 5, 0, 
0, 0, 0, 2, 192, 242, 11, 0, 
0, 0, 0, 21, 246, 232, 4, 0, 
0, 0, 0, 80, 232, 177, 1, 0, 
0, 0, 0, 107, 163, 95, 0, 0, 
0, 0, 0, 53, 58, 31, 0, 0, 
0, 0, 0, 9, 12, 2, 0, 0, 
// images/image-076.png

0, 0, 0, 6, 149, 8, 0, 0, 
0, 0, 0, 65, 249, 46, 0, 0, 
0, 0, 1, 123, 251, 67, 0, 0, 
0, 0, 1, 164, 251, 65, 0, 0, 
0, 0, 1, 181, 216, 45, 0, 0, 
0, 0, 1, 148, 133, 20, 0, 0, 
0, 0, 2, 57, 46, 3, 0, 0, 
0, 0, 0, 8, 8, 0, 0, 0, 
// images/image-077.png

0, 0, 0, 1, 100, 7, 0, 0, 
0, 0, 0, 38, 244, 41, 0, 0, 
0, 0, 1, 102, 251, 57, 0, 0, 
0, 0, 1, 150, 251, 53, 0, 0, 
0, 0, 1, 172, 226, 34, 0, 0, 
0, 0, 1, 138, 148, 14, 0, 0, 
0, 0, 1, 52, 49, 2, 0, 0, 
0, 0, 0, 8, 8, 0, 0, 0, 
// images/image-078.png

0, 0, 0, 56, 24, 0, 0, 0, 
0, 0, 1, 167, 91, 0, 0, 0, 
0, 0, 2, 209, 127, 1, 0, 0, 
0, 0, 4, 236, 154, 1, 0, 0, 
0, 0, 12, 228, 162, 1, 0, 0, 
0, 0, 17, 159, 116, 1, 0, 0, 
0, 0, 10, 56, 37, 0, 0, 0, 
0, 0, 1, 7, 7, 0, 0, 0, 
// images/image-079.png

0, 0, 0, 51, 27, 0, 0, 0, 
0, 0, 0, 146, 103, 0, 0, 0, 
0, 0, 2, 182, 143, 1, 0, 0, 
0, 0, 2, 209, 171, 2, 0, 0, 
0, 0, 3, 214, 180, 2, 0, 0, 
0, 0, 6, 158, 131, 1, 0, 0, 
0, 0, 5, 55, 45, 0, 0, 0, 
0, 0, 1, 7, 8, 0, 0, 0, 
// images/image-080.png

0, 0, 0, 0, 45, 0, 0, 0, 
0, 0, 0, 16, 209, 1, 0, 0, 
0, 0, 0, 74, 231, 4, 0, 0, 
0, 0, 1, 126, 237, 5, 0, 0, 
0, 0, 1, 162, 227, 4, 0, 0, 
0, 0, 1, 138, 158, 4, 0, 0, 
0, 0, 1, 53, 51, 1, 0, 0, 
0, 0, 0, 7, 7, 0, 0, 0, 
// images/image-081.png

0, 0, 0, 0, 18, 0, 0, 0, 
0, 0, 0, 2, 189, 14, 0, 0, 
0, 0, 0, 27, 249, 27, 0, 0, 
0, 0, 1, 80, 252, 28, 0, 0, 
0, 0, 0, 126, 243, 22, 0, 0, 
0, 0, 1, 121, 181, 11, 0, 0, 
0, 0, 0, 51, 65, 2, 0, 0, 
0, 0, 0, 9, 8, 0, 0, 0, 
// images/image-082.png

0, 0, 0, 0, 4, 0, 0, 0, 
0, 0, 0, 13, 157, 1, 0, 0, 
0, 0, 0, 65, 212, 3, 0, 0, 
0, 0, 1, 113, 224, 4, 0, 0, 
0, 0, 1, 154, 226, 4, 0, 0, 
0, 0, 1, 144, 173, 3, 0, 0, 
0, 0, 1, 63, 60, 1, 0, 0, 
0, 0, 0, 10, 8, 0, 0, 0, 
// images/image-083.png

0, 0, 0, 64, 19, 0, 0, 0, 
0, 0, 1, 161, 82, 0, 0, 0, 
0, 0, 2, 194, 120, 1, 0, 0, 
0, 0, 3, 220, 151, 1, 0, 0, 
0, 0, 5, 225, 167, 1, 0, 0, 
0, 0, 10, 165, 128, 1, 0, 0, 
0, 0, 7, 60, 43, 0, 0, 0, 
0, 0, 1, 8, 7, 0, 0, 0, 
// images/image-084.png

0, 0, 0, 95, 40, 0, 0, 0, 
0, 0, 1, 172, 107, 0, 0, 0, 
0, 0, 2, 203, 146, 1, 0, 0, 
0, 0, 3, 225, 175, 2, 0, 0, 
0, 0, 4, 219, 178, 1, 0, 0, 
0, 0, 8, 155, 126, 1, 0, 0, 
0, 0, 6, 52, 42, 0, 0, 0, 
0, 0, 1, 7, 6, 0, 0, 0, 
// images/image-085.png

0, 0, 1, 144, 8, 0, 0, 0, 
0, 0, 3, 234, 62, 0, 0, 0, 
0, 0, 8, 247, 110, 1, 0, 0, 
0, 0, 16, 250, 148, 1, 0, 0, 
0, 0, 20, 227, 163, 1, 0, 0, 
0, 0, 19, 155, 122, 1, 0, 0, 
0, 0, 9, 52, 42, 0, 0, 0, 
0, 0, 1, 7, 8, 0, 0, 0, 
// images/image-086.png

0, 0, 0, 60, 79, 0, 0, 0, 
0, 0, 1, 133, 152, 1, 0, 0, 
0, 0, 2, 172, 181, 2, 0, 0, 
0, 0, 2, 203, 199, 2, 0, 0, 
0, 0, 3, 208, 194, 2, 0, 0, 
0, 0, 5, 150, 135, 1, 0, 0, 
0, 0, 4, 50, 45, 0, 0, 0, 
0, 0, 1, 6, 8, 0, 0, 0, 
// images/image-087.png

0, 0, 0, 54, 106, 0, 0, 0, 
0, 0, 1, 134, 180, 1, 0, 0, 
0, 0, 2, 177, 204, 2, 0, 0, 
0, 0, 2, 209, 219, 3, 0, 0, 
0, 0, 3, 208, 204, 2, 0, 0, 
0, 0, 6, 148, 137, 2, 0, 0, 
0, 0, 5, 49, 45, 0, 0, 0, 
0, 0, 1, 6, 7, 0, 0, 0, 
// images/image-088.png

0, 0, 0, 110, 50, 0, 0, 0, 
0, 0, 1, 200, 130, 0, 0, 0, 
0, 0, 3, 232, 167, 1, 0, 0, 
0, 0, 10, 248, 189, 2, 0, 0, 
0, 0, 18, 224, 180, 2, 0, 0, 
0, 0, 20, 154, 121, 1, 0, 0, 
0, 0, 10, 51, 39, 0, 0, 0, 
0, 0, 1, 6, 7, 0, 0, 0, 
// images/image-089.png

0, 0, 0, 82, 64, 0, 0, 0, 
0, 0, 1, 162, 139, 1, 0, 0, 
0, 0, 2, 196, 170, 2, 0, 0, 
0, 0, 3, 221, 188, 2, 0, 0, 
0, 0, 5, 222, 183, 2, 0, 0, 
0, 0, 9, 169, 126, 1, 0, 0, 
0, 0, 6, 60, 41, 0, 0, 0, 
0, 0, 1, 6, 8, 0, 0, 0, 
// images/image-090.png

0, 0, 0, 0, 47, 21, 0, 0, 
0, 0, 0, 1, 184, 67, 0, 0, 
0, 0, 0, 17, 245, 66, 0, 0, 
0, 0, 0, 75, 252, 54, 0, 0, 
0, 0, 0, 125, 238, 34, 0, 0, 
0, 0, 0, 121, 167, 13, 0, 0, 
0, 0, 0, 49, 56, 2, 0, 0, 
0, 0, 0, 7, 8, 0, 0, 0, 
// images/image-091.png

0, 0, 0, 0, 88, 2, 0, 0, 
0, 0, 0, 33, 240, 13, 0, 0, 
0, 0, 1, 97, 251, 18, 0, 0, 
0, 0, 1, 151, 251, 16, 0, 0, 
0, 0, 1, 176, 227, 9, 0, 0, 
0, 0, 2, 142, 146, 4, 0, 0, 
0, 0, 2, 53, 45, 1, 0, 0, 
0, 0, 0, 7, 7, 0, 0, 0, 
// images/image-092.png

0, 0, 0, 1, 73, 0, 0, 0, 
0, 0, 0, 33, 217, 1, 0, 0, 
0, 0, 0, 87, 236, 4, 0, 0, 
0, 0, 1, 134, 244, 6, 0, 0, 
0, 0, 1, 163, 227, 6, 0, 0, 
0, 0, 1, 136, 152, 5, 0, 0, 
0, 0, 1, 52, 49, 1, 0, 0, 
0, 0, 0, 7, 8, 0, 0, 0, 
// images/image-093.png

0, 0, 0, 12, 57, 0, 0, 0, 
0, 0, 0, 77, 155, 1, 0, 0, 
0, 0, 1, 128, 179, 2, 0, 0, 
0, 0, 2, 169, 196, 2, 0, 0, 
0, 0, 2, 192, 194, 2, 0, 0, 
0, 0, 2, 155, 132, 1, 0, 0, 
0, 0, 3, 57, 41, 0, 0, 0, 
0, 0, 0, 7, 6, 0, 0, 0, 
// images/image-094.png

0, 0, 0, 92, 30, 0, 0, 0, 
0, 0, 1, 179, 100, 0, 0, 0, 
0, 0, 2, 208, 142, 1, 0, 0, 
0, 0, 3, 229, 174, 2, 0, 0, 
0, 0, 5, 221, 179, 1, 0, 0, 
0, 0, 9, 154, 127, 1, 0, 0, 
0, 0, 6, 51, 42, 0, 0, 0, 
0, 0, 1, 6, 7, 0, 0, 0, 
// images/image-095.png

0, 0, 0, 101, 39, 0, 0, 0, 
0, 0, 1, 182, 115, 0, 0, 0, 
0, 0, 2, 211, 156, 1, 0, 0, 
0, 0, 3, 231, 186, 2, 0, 0, 
0, 0, 6, 219, 186, 2, 0, 0, 
0, 0, 9, 151, 130, 1, 0, 0, 
0, 0, 6, 50, 44, 0, 0, 0, 
0, 0, 1, 6, 7, 0, 0, 0, 
// images/image-096.png

0, 0, 0, 73, 48, 0, 0, 0, 
0, 0, 1, 157, 127, 0, 0, 0, 
0, 0, 2, 192, 166, 2, 0, 0, 
0, 0, 3, 216, 193, 2, 0, 0, 
0, 0, 3, 212, 190, 2, 0, 0, 
0, 0, 5, 151, 132, 1, 0, 0, 
0, 0, 4, 51, 43, 0, 0, 0, 
0, 0, 1, 6, 8, 0, 0, 0, 
// images/image-097.png

0, 0, 0, 110, 29, 0, 0, 0, 
0, 0, 1, 198, 97, 0, 0, 0, 
0, 0, 3, 226, 139, 1, 0, 0, 
0, 0, 6, 244, 171, 1, 0, 0, 
0, 0, 12, 226, 174, 1, 0, 0, 
0, 0, 15, 154, 122, 1, 0, 0, 
0, 0, 8, 52, 40, 0, 0, 0, 
0, 0, 1, 6, 7, 0, 0, 0, 
// images/image-098.png

0, 0, 0, 131, 24, 0, 0, 0, 
0, 0, 2, 213, 92, 0, 0, 0, 
0, 0, 4, 237, 134, 1, 0, 0, 
0, 0, 11, 249, 165, 1, 0, 0, 
0, 0, 18, 225, 171, 1, 0, 0, 
0, 0, 18, 152, 124, 1, 0, 0, 
0, 0, 9, 51, 42, 0, 0, 0, 
0, 0, 1, 7, 7, 0, 0, 0, 
// images/image-099.png

0, 0, 0, 113, 35, 0, 0, 0, 
0, 0, 1, 195, 112, 0, 0, 0, 
0, 0, 3, 224, 151, 1, 0, 0, 
0, 0, 5, 242, 179, 1, 0, 0, 
0, 0, 11, 223, 180, 1, 0, 0, 
0, 0, 13, 152, 128, 1, 0, 0, 
0, 0, 7, 50, 43, 0, 0, 0, 
0, 0, 1, 7, 7, 0, 0, 0, 
// images/image-100.png

0, 0, 0, 121, 40, 0, 0, 0, 
0, 0, 1, 197, 117, 0, 0, 0, 
0, 0, 3, 225, 157, 1, 0, 0, 
0, 0, 5, 243, 185, 2, 0, 0, 
0, 0, 11, 223, 184, 1, 0, 0, 
0, 0, 14, 151, 130, 1, 0, 0, 
0, 0, 7, 49, 44, 0, 0, 0, 
0, 0, 1, 6, 7, 0, 0, 0, 
// images/image-101.png

0, 0, 0, 109, 59, 0, 0, 0, 
0, 0, 1, 178, 131, 0, 0, 0, 
0, 0, 2, 209, 167, 1, 0, 0, 
0, 0, 4, 231, 192, 2, 0, 0, 
0, 0, 6, 220, 189, 2, 0, 0, 
0, 0, 10, 152, 134, 1, 0, 0, 
0, 0, 6, 50, 46, 0, 0, 0, 
0, 0, 1, 7, 8, 0, 0, 0, 
// images/image-102.png

0, 0, 0, 99, 60, 0, 0, 0, 
0, 0, 1, 172, 131, 1, 0, 0, 
0, 0, 2, 203, 167, 2, 0, 0, 
0, 0, 3, 226, 193, 2, 0, 0, 
0, 0, 5, 217, 190, 2, 0, 0, 
0, 0, 8, 152, 132, 1, 0, 0, 
0, 0, 5, 51, 45, 1, 0, 0, 
0, 0, 1, 7, 7, 0, 0, 0, 
// images/image-103.png

0, 0, 0, 66, 79, 0, 0, 0, 
0, 0, 1, 140, 151, 1, 0, 0, 
0, 0, 2, 175, 183, 2, 0, 0, 
0, 0, 2, 203, 205, 2, 0, 0, 
0, 0, 2, 204, 198, 2, 0, 0, 
0, 0, 4, 150, 136, 1, 0, 0, 
0, 0, 3, 51, 45, 1, 0, 0, 
0, 0, 0, 6, 7, 0, 0, 0, 
// images/image-104.png

0, 0, 0, 39, 81, 0, 0, 0, 
0, 0, 0, 116, 159, 1, 0, 0, 
0, 0, 1, 156, 187, 2, 0, 0, 
0, 0, 2, 188, 208, 2, 0, 0, 
0, 0, 2, 196, 202, 2, 0, 0, 
0, 0, 2, 147, 139, 2, 0, 0, 
0, 0, 3, 50, 45, 0, 0, 0, 
0, 0, 0, 6, 7, 0, 0, 0, 
// images/image-105.png

0, 0, 0, 41, 54, 0, 0, 0, 
0, 0, 0, 136, 147, 1, 0, 0, 
0, 0, 1, 180, 181, 2, 0, 0, 
0, 0, 2, 209, 203, 2, 0, 0, 
0, 0, 3, 210, 198, 2, 0, 0, 
0, 0, 5, 151, 137, 2, 0, 0, 
0, 0, 5, 53, 46, 0, 0, 0, 
0, 0, 1, 7, 7, 0, 0, 0, 
// images/image-106.png

0, 0, 0, 99, 20, 0, 0, 0, 
0, 0, 2, 216, 91, 0, 0, 0, 
0, 0, 11, 247, 133, 1, 0, 0, 
0, 0, 28, 251, 164, 1, 0, 0, 
0, 0, 35, 225, 169, 1, 0, 0, 
0, 0, 31, 149, 121, 1, 0, 0, 
0, 0, 14, 51, 42, 0, 0, 0, 
0, 0, 2, 6, 8, 0, 0, 0, 
// images/image-107.png

0, 0, 0, 1, 56, 0, 0, 0, 
0, 0, 0, 28, 217, 3, 0, 0, 
0, 0, 0, 77, 243, 8, 0, 0, 
0, 0, 1, 121, 248, 13, 0, 0, 
0, 0, 1, 148, 235, 12, 0, 0, 
0, 0, 1, 122, 166, 7, 0, 0, 
0, 0, 1, 44, 59, 2, 0, 0, 
0, 0, 0, 6, 8, 0, 0, 0, 
